$HEADER
GENCAD 1.4
USER "kicad (5.1.5)-3"
DRAWING "C:\msys64\home\xcd0\work\fan\fan_re_ro\fan.kicad_pcb"
REVISION " "
UNITS INCH
ORIGIN 0 0
INTERTRACK 0
$ENDHEADER

$BOARD
LINE 5.39771 -7.51294 12.2827 -8.32044
LINE 3.45463 -11.3619 7.21378 -10.984
LINE 7.50887 -4.58229 1.10518 -2.06962
LINE 6.38036 -3.24296 7.21378 -10.984
$ENDBOARD

$PADS
PAD V800000.400000.80000001 ROUND 0.015748
CIRCLE 0 0 0.015748
PAD P1 ROUND 0.032
CIRCLE 0 0 0.0275
PAD P2 ROUND 0.0511811
CIRCLE 0 0 0.0393701
PAD P3 ROUND 0.0748031
CIRCLE 0 0 0.0374016
PAD P4 ROUND 0.11811
CIRCLE 0 0 0.0590551
PAD P5 ROUND 0.161417
CIRCLE 0 0 0.0807087
PAD P6 RECTANGULAR 0
RECTANGLE -0.0255906 -0.0187008 0.0511811 0.0374016
PAD P7 RECTANGULAR 0
RECTANGLE -0.0255906 -0.0187008 0.0511811 0.0374016
PAD P8 RECTANGULAR 0
RECTANGLE -0.0452756 -0.0393701 0.0905512 0.0787402
PAD P9 RECTANGULAR 0
RECTANGLE -0.0452756 -0.0393701 0.0905512 0.0787402
PAD P10 RECTANGULAR 0.0314961
RECTANGLE -0.0314961 -0.0314961 0.0629921 0.0629921
PAD P11 RECTANGULAR 0.032
RECTANGLE -0.0275 -0.0275 0.055 0.055
PAD P12 RECTANGULAR 0.0393701
RECTANGLE -0.0334646 -0.0334646 0.0669291 0.0669291
PAD P13 POLYGON 0.0314961
ARC -0.0314961 0 0 -0.0314961 0 0
ARC 0 -0.0314961 0.0314961 0 0 0
ARC 0.0314961 0 0 0.0314961 0 0
ARC 0 0.0314961 -0.0314961 0 0 0
PAD P14 POLYGON 0.0393701
ARC -0.0334646 0 0 -0.0334646 0 0
ARC 0 -0.0334646 0.0334646 0 0 0
ARC 0.0334646 0 0 0.0334646 0 0
ARC 0 0.0334646 -0.0334646 0 0 0

$ENDPADS

$PADSTACKS
PADSTACK VIA800000.400000.80000001 0.015748
PAD V800000.400000.80000001 BOTTOM 0 0
PAD V800000.400000.80000001 TOP 0 0
PADSTACK PAD1 0.032
PAD P1 BOTTOM 0 0
PAD P1 TOP 0 0
PADSTACK PAD2 0.0511811
PAD P2 BOTTOM 0 0
PAD P2 TOP 0 0
PADSTACK PAD3 0.0748031
PAD P3 BOTTOM 0 0
PAD P3 TOP 0 0
PADSTACK PAD4 0.11811
PAD P4 BOTTOM 0 0
PAD P4 TOP 0 0
PADSTACK PAD5 0.161417
PAD P5 BOTTOM 0 0
PAD P5 TOP 0 0
PADSTACK PAD6 0
PAD P6 BOTTOM 0 0
PADSTACK PAD7 0
PAD P7 TOP 0 0
PADSTACK PAD8 0
PAD P8 BOTTOM 0 0
PADSTACK PAD9 0
PAD P9 TOP 0 0
PADSTACK PAD10 0.0314961
PAD P10 BOTTOM 0 0
PAD P10 TOP 0 0
PADSTACK PAD11 0.032
PAD P11 BOTTOM 0 0
PAD P11 TOP 0 0
PADSTACK PAD12 0.0393701
PAD P12 BOTTOM 0 0
PAD P12 TOP 0 0
PADSTACK PAD13 0.0314961
PAD P13 BOTTOM 0 0
PAD P13 TOP 0 0
PADSTACK PAD14 0.0393701
PAD P14 BOTTOM 0 0
PAD P14 TOP 0 0
$ENDPADSTACKS

$ARTWORKS
$ENDARTWORKS

$SHAPES

SHAPE "Module:Arduino_Nano"
INSERT TH
LINE 0.655118 0.155118 -0.0551181 0.155118
LINE 0.655118 -1.55512 0.655118 0.155118
LINE -0.0551181 -1.55512 0.655118 -1.55512
LINE 0.05 -1.45 -0.0551181 -1.45
LINE 0.05 -0.05 0.05 -1.45
LINE 0.05 -0.05 -0.0551181 -0.05
LINE 0.55 -1.45 0.655118 -1.45
LINE 0.55 0.05 0.55 -1.45
LINE 0.55 0.05 0.655118 0.05
LINE -0.0551181 0.155118 -0.0551181 0.05
LINE -0.0551181 -0.05 -0.0551181 -1.55512
LINE 0.05 0.05 -0.0551181 0.05
LINE 0.05 -0.05 0.05 0.05
PIN "16" PAD13 0.6 -1.4 TOP 0 0
PIN "15" PAD13 0 -1.4 TOP 0 0
PIN "30" PAD13 0.6 0 TOP 0 0
PIN "14" PAD13 0 -1.3 TOP 0 0
PIN "29" PAD13 0.6 -0.1 TOP 0 0
PIN "13" PAD13 0 -1.2 TOP 0 0
PIN "28" PAD13 0.6 -0.2 TOP 0 0
PIN "12" PAD13 0 -1.1 TOP 0 0
PIN "27" PAD13 0.6 -0.3 TOP 0 0
PIN "11" PAD13 0 -1 TOP 0 0
PIN "26" PAD13 0.6 -0.4 TOP 0 0
PIN "10" PAD13 0 -0.9 TOP 0 0
PIN "25" PAD13 0.6 -0.5 TOP 0 0
PIN "9" PAD13 0 -0.8 TOP 0 0
PIN "24" PAD13 0.6 -0.6 TOP 0 0
PIN "8" PAD13 0 -0.7 TOP 0 0
PIN "23" PAD13 0.6 -0.7 TOP 0 0
PIN "7" PAD13 0 -0.6 TOP 0 0
PIN "22" PAD13 0.6 -0.8 TOP 0 0
PIN "6" PAD13 0 -0.5 TOP 0 0
PIN "21" PAD13 0.6 -0.9 TOP 0 0
PIN "5" PAD13 0 -0.4 TOP 0 0
PIN "20" PAD13 0.6 -1 TOP 0 0
PIN "4" PAD13 0 -0.3 TOP 0 0
PIN "19" PAD13 0.6 -1.1 TOP 0 0
PIN "3" PAD13 0 -0.2 TOP 0 0
PIN "18" PAD13 0.6 -1.2 TOP 0 0
PIN "2" PAD13 0 -0.1 TOP 0 0
PIN "17" PAD13 0.6 -1.3 TOP 0 0
PIN "1" PAD10 0 0 TOP 0 0

SHAPE "kbd:CherryMX_Hotswap"
INSERT TH
LINE -0.173228 0.153543 -0.173228 0.125984
LINE -0.173228 0.251969 -0.11811 0.251969
LINE 0.224409 0.0511811 0.11811 0.0511811
ARC 0.0314961 0.133858 0.118753 0.0599004 0.0340551 0.0484252
LINE -0.181102 0.246063 -0.181102 0.259843
ARC 0.149606 0.259843 0.232284 0.185039 0.153543 0.181102
ARC 0.015748 0.11811 0.103005 0.0441524 0.0183071 0.0326772
LINE -0.181102 0.259843 0.149606 0.259843
LINE 0.015748 0.11811 -0.181102 0.11811
LINE 0.232283 0.0433071 0.10315 0.0433071
LINE 0.232283 0.185039 0.232283 0.145669
LINE 0.232283 0.0433071 0.232283 0.0574803
LINE 0.224409 0.0574803 0.232283 0.0574803
LINE 0.223228 0.145669 0.223228 0.0574803
LINE 0.232283 0.145669 0.224409 0.145669
LINE -0.173228 0.246063 -0.181102 0.246063
LINE -0.172441 0.15748 -0.172441 0.246063
LINE -0.181102 0.15748 -0.173228 0.15748
LINE -0.181102 0.11811 -0.181102 0.15748
LINE -0.102362 0.188976 0.161417 0.188976
LINE -0.153543 0.23622 -0.153543 0.137795
LINE -0.169291 0.129921 -0.114173 0.129921
LINE 0.164173 0.200787 0.164173 0.112598
LINE 0.208661 0.0629921 0.208661 0.133858
LINE 0.228346 0.149606 0.228346 0.185039
LINE -0.228346 0.149606 -0.228346 0.185039
LINE -0.208661 0.0629921 -0.208661 0.133858
LINE -0.164173 0.200787 -0.164173 0.112598
LINE 0.169291 0.129921 0.114173 0.129921
LINE 0.153543 0.23622 0.153543 0.137795
LINE 0.102362 0.188976 -0.161417 0.188976
LINE 0.181102 0.11811 0.181102 0.15748
LINE 0.181102 0.15748 0.173228 0.15748
LINE 0.172441 0.15748 0.172441 0.246063
LINE 0.173228 0.246063 0.181102 0.246063
LINE -0.232283 0.145669 -0.224409 0.145669
LINE -0.223228 0.145669 -0.223228 0.0574803
LINE -0.224409 0.0574803 -0.232283 0.0574803
LINE -0.232283 0.0433071 -0.232283 0.0574803
LINE -0.232283 0.185039 -0.232283 0.145669
LINE -0.232283 0.0433071 -0.10315 0.0433071
LINE -0.015748 0.11811 0.181102 0.11811
LINE 0.181102 0.259843 -0.149606 0.259843
ARC -0.015748 0.11811 -0.103005 0.0441524 -0.0183071 0.0326772
ARC -0.149606 0.259843 -0.232283 0.185039 -0.153543 0.181102
LINE 0.181102 0.246063 0.181102 0.259843
ARC -0.0314961 0.133858 -0.118753 0.0599004 -0.0340551 0.0484252
LINE -0.224409 0.0511811 -0.11811 0.0511811
LINE 0.173228 0.251969 0.11811 0.251969
LINE 0.173228 0.153543 0.173228 0.125984
PIN "2" PAD8 0.224409 0.201575 TOP 180 0
PIN "none" PAD3 -0.2 0 TOP 0 0
PIN "none" PAD3 0.2 0 TOP 0 0
PIN "none" PAD5 0 0 TOP 90 0
PIN "none" PAD4 0.1 0.2 TOP 180 0
PIN "none" PAD4 0.15 0.1 TOP 180 0
PIN "none" PAD4 -0.1 0.2 TOP 180 0
PIN "none" PAD4 -0.15 0.1 TOP 180 0
PIN "2" PAD9 -0.224409 0.201575 TOP 180 0
PIN "1" PAD9 0.275591 0.101575 TOP 180 0
PIN "1" PAD8 -0.275591 0.101575 TOP 180 0

SHAPE "kbd:CherryMX_Hotswap_0"
INSERT TH
LINE -0.173228 0.153543 -0.173228 0.125984
LINE -0.173228 0.251969 -0.11811 0.251969
LINE 0.224409 0.0511811 0.11811 0.0511811
ARC 0.0314961 0.133858 0.118753 0.0599004 0.0340551 0.0484252
LINE -0.181102 0.246063 -0.181102 0.259843
ARC 0.149606 0.259843 0.232284 0.185039 0.153543 0.181102
ARC 0.015748 0.11811 0.103005 0.0441524 0.0183071 0.0326772
LINE -0.181102 0.259843 0.149606 0.259843
LINE 0.015748 0.11811 -0.181102 0.11811
LINE 0.232283 0.0433071 0.10315 0.0433071
LINE 0.232283 0.185039 0.232283 0.145669
LINE 0.232283 0.0433071 0.232283 0.0574803
LINE 0.224409 0.0574803 0.232283 0.0574803
LINE 0.223228 0.145669 0.223228 0.0574803
LINE 0.232283 0.145669 0.224409 0.145669
LINE -0.173228 0.246063 -0.181102 0.246063
LINE -0.172441 0.15748 -0.172441 0.246063
LINE -0.181102 0.15748 -0.173228 0.15748
LINE -0.181102 0.11811 -0.181102 0.15748
LINE -0.102362 0.188976 0.161417 0.188976
LINE -0.153543 0.23622 -0.153543 0.137795
LINE -0.169291 0.129921 -0.114173 0.129921
LINE 0.164173 0.200787 0.164173 0.112598
LINE 0.208661 0.0629921 0.208661 0.133858
LINE 0.228346 0.149606 0.228346 0.185039
LINE -0.228346 0.149606 -0.228346 0.185039
LINE -0.208661 0.0629921 -0.208661 0.133858
LINE -0.164173 0.200787 -0.164173 0.112598
LINE 0.169291 0.129921 0.114173 0.129921
LINE 0.153543 0.23622 0.153543 0.137795
LINE 0.102362 0.188976 -0.161417 0.188976
LINE 0.181102 0.11811 0.181102 0.15748
LINE 0.181102 0.15748 0.173228 0.15748
LINE 0.172441 0.15748 0.172441 0.246063
LINE 0.173228 0.246063 0.181102 0.246063
LINE -0.232283 0.145669 -0.224409 0.145669
LINE -0.223228 0.145669 -0.223228 0.0574803
LINE -0.224409 0.0574803 -0.232283 0.0574803
LINE -0.232283 0.0433071 -0.232283 0.0574803
LINE -0.232283 0.185039 -0.232283 0.145669
LINE -0.232283 0.0433071 -0.10315 0.0433071
LINE -0.015748 0.11811 0.181102 0.11811
LINE 0.181102 0.259843 -0.149606 0.259843
ARC -0.015748 0.11811 -0.103005 0.0441524 -0.0183071 0.0326772
ARC -0.149606 0.259843 -0.232283 0.185039 -0.153543 0.181102
LINE 0.181102 0.246063 0.181102 0.259843
ARC -0.0314961 0.133858 -0.118753 0.0599004 -0.0340551 0.0484252
LINE -0.224409 0.0511811 -0.11811 0.0511811
LINE 0.173228 0.251969 0.11811 0.251969
LINE 0.173228 0.153543 0.173228 0.125984
PIN "2" PAD8 0.224409 0.201575 TOP 180 0
PIN "none" PAD3 -0.2 0 TOP 0 0
PIN "none" PAD3 0.2 0 TOP 0 0
PIN "none" PAD5 0 0 TOP 90 0
PIN "none" PAD4 0.1 0.2 TOP 180 0
PIN "none" PAD4 0.15 0.1 TOP 180 0
PIN "none" PAD4 -0.1 0.2 TOP 180 0
PIN "none" PAD4 -0.15 0.1 TOP 180 0
PIN "2" PAD9 -0.224409 0.201575 TOP 180 0
PIN "1" PAD9 0.275591 0.101575 TOP 180 0
PIN "1" PAD8 -0.275591 0.101575 TOP 180 0

SHAPE "kbd:CherryMX_Hotswap_1"
INSERT TH
LINE 0.173228 0.153543 0.173228 0.125984
LINE 0.173228 0.251969 0.11811 0.251969
LINE -0.224409 0.0511811 -0.11811 0.0511811
ARC -0.0314961 0.133858 -0.118753 0.0599004 -0.0340551 0.0484252
LINE 0.181102 0.246063 0.181102 0.259843
ARC -0.149606 0.259843 -0.232283 0.185039 -0.153543 0.181102
ARC -0.015748 0.11811 -0.103005 0.0441524 -0.0183071 0.0326772
LINE 0.181102 0.259843 -0.149606 0.259843
LINE -0.015748 0.11811 0.181102 0.11811
LINE -0.232283 0.0433071 -0.10315 0.0433071
LINE -0.232283 0.185039 -0.232283 0.145669
LINE -0.232283 0.0433071 -0.232283 0.0574803
LINE -0.224409 0.0574803 -0.232283 0.0574803
LINE -0.223228 0.145669 -0.223228 0.0574803
LINE -0.232283 0.145669 -0.224409 0.145669
LINE 0.173228 0.246063 0.181102 0.246063
LINE 0.172441 0.15748 0.172441 0.246063
LINE 0.181102 0.15748 0.173228 0.15748
LINE 0.181102 0.11811 0.181102 0.15748
LINE 0.102362 0.188976 -0.161417 0.188976
LINE 0.153543 0.23622 0.153543 0.137795
LINE 0.169291 0.129921 0.114173 0.129921
LINE -0.164173 0.200787 -0.164173 0.112598
LINE -0.208661 0.0629921 -0.208661 0.133858
LINE -0.228346 0.149606 -0.228346 0.185039
LINE 0.228346 0.149606 0.228346 0.185039
LINE 0.208661 0.0629921 0.208661 0.133858
LINE 0.164173 0.200787 0.164173 0.112598
LINE -0.169291 0.129921 -0.114173 0.129921
LINE -0.153543 0.23622 -0.153543 0.137795
LINE -0.102362 0.188976 0.161417 0.188976
LINE -0.181102 0.11811 -0.181102 0.15748
LINE -0.181102 0.15748 -0.173228 0.15748
LINE -0.172441 0.15748 -0.172441 0.246063
LINE -0.173228 0.246063 -0.181102 0.246063
LINE 0.232283 0.145669 0.224409 0.145669
LINE 0.223228 0.145669 0.223228 0.0574803
LINE 0.224409 0.0574803 0.232283 0.0574803
LINE 0.232283 0.0433071 0.232283 0.0574803
LINE 0.232283 0.185039 0.232283 0.145669
LINE 0.232283 0.0433071 0.10315 0.0433071
LINE 0.015748 0.11811 -0.181102 0.11811
LINE -0.181102 0.259843 0.149606 0.259843
ARC 0.015748 0.11811 0.103005 0.0441524 0.0183071 0.0326772
ARC 0.149606 0.259843 0.232284 0.185039 0.153543 0.181102
LINE -0.181102 0.246063 -0.181102 0.259843
ARC 0.0314961 0.133858 0.118753 0.0599004 0.0340551 0.0484252
LINE 0.224409 0.0511811 0.11811 0.0511811
LINE -0.173228 0.251969 -0.11811 0.251969
LINE -0.173228 0.153543 -0.173228 0.125984
PIN "1" PAD8 -0.275591 0.101575 TOP 180 0
PIN "1" PAD9 0.275591 0.101575 TOP 180 0
PIN "2" PAD9 -0.224409 0.201575 TOP 180 0
PIN "none" PAD4 -0.15 0.1 TOP 180 0
PIN "none" PAD4 -0.1 0.2 TOP 180 0
PIN "none" PAD4 0.15 0.1 TOP 180 0
PIN "none" PAD4 0.1 0.2 TOP 180 0
PIN "none" PAD5 0 0 TOP 90 0
PIN "none" PAD3 0.2 0 TOP 0 0
PIN "none" PAD3 -0.2 0 TOP 0 0
PIN "2" PAD8 0.224409 0.201575 TOP 180 0

SHAPE "kbd:CherryMX_Hotswap_2"
INSERT TH
LINE 0.173228 0.153543 0.173228 0.125984
LINE 0.173228 0.251969 0.11811 0.251969
LINE -0.224409 0.0511811 -0.11811 0.0511811
ARC -0.0314961 0.133858 -0.118753 0.0599004 -0.0340551 0.0484252
LINE 0.181102 0.246063 0.181102 0.259843
ARC -0.149606 0.259843 -0.232283 0.185039 -0.153543 0.181102
ARC -0.015748 0.11811 -0.103005 0.0441524 -0.0183071 0.0326772
LINE 0.181102 0.259843 -0.149606 0.259843
LINE -0.015748 0.11811 0.181102 0.11811
LINE -0.232283 0.0433071 -0.10315 0.0433071
LINE -0.232283 0.185039 -0.232283 0.145669
LINE -0.232283 0.0433071 -0.232283 0.0574803
LINE -0.224409 0.0574803 -0.232283 0.0574803
LINE -0.223228 0.145669 -0.223228 0.0574803
LINE -0.232283 0.145669 -0.224409 0.145669
LINE 0.173228 0.246063 0.181102 0.246063
LINE 0.172441 0.15748 0.172441 0.246063
LINE 0.181102 0.15748 0.173228 0.15748
LINE 0.181102 0.11811 0.181102 0.15748
LINE 0.102362 0.188976 -0.161417 0.188976
LINE 0.153543 0.23622 0.153543 0.137795
LINE 0.169291 0.129921 0.114173 0.129921
LINE -0.164173 0.200787 -0.164173 0.112598
LINE -0.208661 0.0629921 -0.208661 0.133858
LINE -0.228346 0.149606 -0.228346 0.185039
LINE 0.228346 0.149606 0.228346 0.185039
LINE 0.208661 0.0629921 0.208661 0.133858
LINE 0.164173 0.200787 0.164173 0.112598
LINE -0.169291 0.129921 -0.114173 0.129921
LINE -0.153543 0.23622 -0.153543 0.137795
LINE -0.102362 0.188976 0.161417 0.188976
LINE -0.181102 0.11811 -0.181102 0.15748
LINE -0.181102 0.15748 -0.173228 0.15748
LINE -0.172441 0.15748 -0.172441 0.246063
LINE -0.173228 0.246063 -0.181102 0.246063
LINE 0.232283 0.145669 0.224409 0.145669
LINE 0.223228 0.145669 0.223228 0.0574803
LINE 0.224409 0.0574803 0.232283 0.0574803
LINE 0.232283 0.0433071 0.232283 0.0574803
LINE 0.232283 0.185039 0.232283 0.145669
LINE 0.232283 0.0433071 0.10315 0.0433071
LINE 0.015748 0.11811 -0.181102 0.11811
LINE -0.181102 0.259843 0.149606 0.259843
ARC 0.015748 0.11811 0.103005 0.0441524 0.0183071 0.0326772
ARC 0.149606 0.259843 0.232284 0.185039 0.153543 0.181102
LINE -0.181102 0.246063 -0.181102 0.259843
ARC 0.0314961 0.133858 0.118753 0.0599004 0.0340551 0.0484252
LINE 0.224409 0.0511811 0.11811 0.0511811
LINE -0.173228 0.251969 -0.11811 0.251969
LINE -0.173228 0.153543 -0.173228 0.125984
PIN "1" PAD8 -0.275591 0.101575 TOP 180 0
PIN "1" PAD9 0.275591 0.101575 TOP 180 0
PIN "2" PAD9 -0.224409 0.201575 TOP 180 0
PIN "none" PAD4 -0.15 0.1 TOP 180 0
PIN "none" PAD4 -0.1 0.2 TOP 180 0
PIN "none" PAD4 0.15 0.1 TOP 180 0
PIN "none" PAD4 0.1 0.2 TOP 180 0
PIN "none" PAD5 0 0 TOP 90 0
PIN "none" PAD3 0.2 0 TOP 0 0
PIN "none" PAD3 -0.2 0 TOP 0 0
PIN "2" PAD8 0.224409 0.201575 TOP 180 0

SHAPE "kbd:D3_TH_SMD"
INSERT TH
LINE 0.106299 -0.0295276 0.106299 0.0295276
LINE -0.106299 -0.0295276 0.106299 -0.0295276
LINE -0.106299 0.0295276 -0.106299 -0.0295276
LINE 0.106299 0.0295276 -0.106299 0.0295276
LINE 0.106299 -0.0295276 0.106299 0.0295276
LINE -0.106299 -0.0295276 0.106299 -0.0295276
LINE -0.106299 0.0295276 -0.106299 -0.0295276
LINE 0.106299 0.0295276 -0.106299 0.0295276
LINE -0.019685 0.019685 -0.019685 -0.019685
LINE 0.019685 -0.019685 -0.015748 0
LINE 0.019685 0.019685 0.019685 -0.019685
LINE -0.015748 0 0.019685 0.019685
LINE -0.019685 0.019685 -0.019685 -0.019685
LINE 0.019685 -0.019685 -0.015748 0
LINE 0.019685 0.019685 0.019685 -0.019685
LINE -0.015748 0 0.019685 0.019685
PIN "2" PAD7 0.0698819 0 TOP 0 0
PIN "2" PAD1 0.15 0 TOP 0 0
PIN "1" PAD11 -0.15 0 TOP 0 0
PIN "1" PAD6 -0.0698819 0 TOP 0 0
PIN "2" PAD6 0.0698819 0 TOP 0 0
PIN "1" PAD7 -0.0698819 0 TOP 0 0

SHAPE "Connector_PinSocket_2.54mm:PinSocket_1x04_P2.54mm_Vertical"
INSERT TH
LINE -0.0523622 -0.05 0.0523622 -0.05
LINE -0.0523622 -0.05 -0.0523622 -0.352362
LINE -0.0523622 -0.352362 0.0523622 -0.352362
LINE 0.0523622 -0.05 0.0523622 -0.352362
LINE 0.0523622 0.0523622 0.0523622 0
LINE 0 0.0523622 0.0523622 0.0523622
PIN "1" PAD12 0 0 TOP 0 0
PIN "2" PAD14 0 -0.1 TOP 0 0
PIN "3" PAD14 0 -0.2 TOP 0 0
PIN "4" PAD14 0 -0.3 TOP 0 0

SHAPE "kbd:CherryMX_Hotswap_3"
INSERT TH
LINE 0.173228 0.153543 0.173228 0.125984
LINE 0.173228 0.251969 0.11811 0.251969
LINE -0.224409 0.0511811 -0.11811 0.0511811
ARC -0.0314961 0.133858 -0.118753 0.0599004 -0.0340551 0.0484252
LINE 0.181102 0.246063 0.181102 0.259843
ARC -0.149606 0.259843 -0.232283 0.185039 -0.153543 0.181102
ARC -0.015748 0.11811 -0.103005 0.0441524 -0.0183071 0.0326772
LINE 0.181102 0.259843 -0.149606 0.259843
LINE -0.015748 0.11811 0.181102 0.11811
LINE -0.232283 0.0433071 -0.10315 0.0433071
LINE -0.232283 0.185039 -0.232283 0.145669
LINE -0.232283 0.0433071 -0.232283 0.0574803
LINE -0.224409 0.0574803 -0.232283 0.0574803
LINE -0.223228 0.145669 -0.223228 0.0574803
LINE -0.232283 0.145669 -0.224409 0.145669
LINE 0.173228 0.246063 0.181102 0.246063
LINE 0.172441 0.15748 0.172441 0.246063
LINE 0.181102 0.15748 0.173228 0.15748
LINE 0.181102 0.11811 0.181102 0.15748
LINE 0.102362 0.188976 -0.161417 0.188976
LINE 0.153543 0.23622 0.153543 0.137795
LINE 0.169291 0.129921 0.114173 0.129921
LINE -0.164173 0.200787 -0.164173 0.112598
LINE -0.208661 0.0629921 -0.208661 0.133858
LINE -0.228346 0.149606 -0.228346 0.185039
LINE 0.228346 0.149606 0.228346 0.185039
LINE 0.208661 0.0629921 0.208661 0.133858
LINE 0.164173 0.200787 0.164173 0.112598
LINE -0.169291 0.129921 -0.114173 0.129921
LINE -0.153543 0.23622 -0.153543 0.137795
LINE -0.102362 0.188976 0.161417 0.188976
LINE -0.181102 0.11811 -0.181102 0.15748
LINE -0.181102 0.15748 -0.173228 0.15748
LINE -0.172441 0.15748 -0.172441 0.246063
LINE -0.173228 0.246063 -0.181102 0.246063
LINE 0.232283 0.145669 0.224409 0.145669
LINE 0.223228 0.145669 0.223228 0.0574803
LINE 0.224409 0.0574803 0.232283 0.0574803
LINE 0.232283 0.0433071 0.232283 0.0574803
LINE 0.232283 0.185039 0.232283 0.145669
LINE 0.232283 0.0433071 0.10315 0.0433071
LINE 0.015748 0.11811 -0.181102 0.11811
LINE -0.181102 0.259843 0.149606 0.259843
ARC 0.015748 0.11811 0.103005 0.0441524 0.0183071 0.0326772
ARC 0.149606 0.259843 0.232284 0.185039 0.153543 0.181102
LINE -0.181102 0.246063 -0.181102 0.259843
ARC 0.0314961 0.133858 0.118753 0.0599004 0.0340551 0.0484252
LINE 0.224409 0.0511811 0.11811 0.0511811
LINE -0.173228 0.251969 -0.11811 0.251969
LINE -0.173228 0.153543 -0.173228 0.125984
PIN "1" PAD8 -0.275591 0.101575 TOP 180 0
PIN "1" PAD9 0.275591 0.101575 TOP 180 0
PIN "2" PAD9 -0.224409 0.201575 TOP 180 0
PIN "none" PAD4 -0.15 0.1 TOP 180 0
PIN "none" PAD4 -0.1 0.2 TOP 180 0
PIN "none" PAD4 0.15 0.1 TOP 180 0
PIN "none" PAD4 0.1 0.2 TOP 180 0
PIN "none" PAD5 0 0 TOP 90 0
PIN "none" PAD3 0.2 0 TOP 0 0
PIN "none" PAD3 -0.2 0 TOP 0 0
PIN "2" PAD8 0.224409 0.201575 TOP 180 0

SHAPE "kbd:CherryMX_Hotswap_4"
INSERT TH
LINE -0.173228 0.153543 -0.173228 0.125984
LINE -0.173228 0.251969 -0.11811 0.251969
LINE 0.224409 0.0511811 0.11811 0.0511811
ARC 0.0314961 0.133858 0.118753 0.0599004 0.0340551 0.0484252
LINE -0.181102 0.246063 -0.181102 0.259843
ARC 0.149606 0.259843 0.232284 0.185039 0.153543 0.181102
ARC 0.015748 0.11811 0.103005 0.0441524 0.0183071 0.0326772
LINE -0.181102 0.259843 0.149606 0.259843
LINE 0.015748 0.11811 -0.181102 0.11811
LINE 0.232283 0.0433071 0.10315 0.0433071
LINE 0.232283 0.185039 0.232283 0.145669
LINE 0.232283 0.0433071 0.232283 0.0574803
LINE 0.224409 0.0574803 0.232283 0.0574803
LINE 0.223228 0.145669 0.223228 0.0574803
LINE 0.232283 0.145669 0.224409 0.145669
LINE -0.173228 0.246063 -0.181102 0.246063
LINE -0.172441 0.15748 -0.172441 0.246063
LINE -0.181102 0.15748 -0.173228 0.15748
LINE -0.181102 0.11811 -0.181102 0.15748
LINE -0.102362 0.188976 0.161417 0.188976
LINE -0.153543 0.23622 -0.153543 0.137795
LINE -0.169291 0.129921 -0.114173 0.129921
LINE 0.164173 0.200787 0.164173 0.112598
LINE 0.208661 0.0629921 0.208661 0.133858
LINE 0.228346 0.149606 0.228346 0.185039
LINE -0.228346 0.149606 -0.228346 0.185039
LINE -0.208661 0.0629921 -0.208661 0.133858
LINE -0.164173 0.200787 -0.164173 0.112598
LINE 0.169291 0.129921 0.114173 0.129921
LINE 0.153543 0.23622 0.153543 0.137795
LINE 0.102362 0.188976 -0.161417 0.188976
LINE 0.181102 0.11811 0.181102 0.15748
LINE 0.181102 0.15748 0.173228 0.15748
LINE 0.172441 0.15748 0.172441 0.246063
LINE 0.173228 0.246063 0.181102 0.246063
LINE -0.232283 0.145669 -0.224409 0.145669
LINE -0.223228 0.145669 -0.223228 0.0574803
LINE -0.224409 0.0574803 -0.232283 0.0574803
LINE -0.232283 0.0433071 -0.232283 0.0574803
LINE -0.232283 0.185039 -0.232283 0.145669
LINE -0.232283 0.0433071 -0.10315 0.0433071
LINE -0.015748 0.11811 0.181102 0.11811
LINE 0.181102 0.259843 -0.149606 0.259843
ARC -0.015748 0.11811 -0.103005 0.0441524 -0.0183071 0.0326772
ARC -0.149606 0.259843 -0.232283 0.185039 -0.153543 0.181102
LINE 0.181102 0.246063 0.181102 0.259843
ARC -0.0314961 0.133858 -0.118753 0.0599004 -0.0340551 0.0484252
LINE -0.224409 0.0511811 -0.11811 0.0511811
LINE 0.173228 0.251969 0.11811 0.251969
LINE 0.173228 0.153543 0.173228 0.125984
PIN "2" PAD8 0.224409 0.201575 TOP 180 0
PIN "none" PAD3 -0.2 0 TOP 0 0
PIN "none" PAD3 0.2 0 TOP 0 0
PIN "none" PAD5 0 0 TOP 90 0
PIN "none" PAD4 0.1 0.2 TOP 180 0
PIN "none" PAD4 0.15 0.1 TOP 180 0
PIN "none" PAD4 -0.1 0.2 TOP 180 0
PIN "none" PAD4 -0.15 0.1 TOP 180 0
PIN "2" PAD9 -0.224409 0.201575 TOP 180 0
PIN "1" PAD9 0.275591 0.101575 TOP 180 0
PIN "1" PAD8 -0.275591 0.101575 TOP 180 0

SHAPE "kbd:CherryMX_Hotswap_5"
INSERT TH
LINE 0.173228 0.153543 0.173228 0.125984
LINE 0.173228 0.251969 0.11811 0.251969
LINE -0.224409 0.0511811 -0.11811 0.0511811
ARC -0.0314961 0.133858 -0.118753 0.0599004 -0.0340551 0.0484252
LINE 0.181102 0.246063 0.181102 0.259843
ARC -0.149606 0.259843 -0.232283 0.185039 -0.153543 0.181102
ARC -0.015748 0.11811 -0.103005 0.0441524 -0.0183071 0.0326772
LINE 0.181102 0.259843 -0.149606 0.259843
LINE -0.015748 0.11811 0.181102 0.11811
LINE -0.232283 0.0433071 -0.10315 0.0433071
LINE -0.232283 0.185039 -0.232283 0.145669
LINE -0.232283 0.0433071 -0.232283 0.0574803
LINE -0.224409 0.0574803 -0.232283 0.0574803
LINE -0.223228 0.145669 -0.223228 0.0574803
LINE -0.232283 0.145669 -0.224409 0.145669
LINE 0.173228 0.246063 0.181102 0.246063
LINE 0.172441 0.15748 0.172441 0.246063
LINE 0.181102 0.15748 0.173228 0.15748
LINE 0.181102 0.11811 0.181102 0.15748
LINE 0.102362 0.188976 -0.161417 0.188976
LINE 0.153543 0.23622 0.153543 0.137795
LINE 0.169291 0.129921 0.114173 0.129921
LINE -0.164173 0.200787 -0.164173 0.112598
LINE -0.208661 0.0629921 -0.208661 0.133858
LINE -0.228346 0.149606 -0.228346 0.185039
LINE 0.228346 0.149606 0.228346 0.185039
LINE 0.208661 0.0629921 0.208661 0.133858
LINE 0.164173 0.200787 0.164173 0.112598
LINE -0.169291 0.129921 -0.114173 0.129921
LINE -0.153543 0.23622 -0.153543 0.137795
LINE -0.102362 0.188976 0.161417 0.188976
LINE -0.181102 0.11811 -0.181102 0.15748
LINE -0.181102 0.15748 -0.173228 0.15748
LINE -0.172441 0.15748 -0.172441 0.246063
LINE -0.173228 0.246063 -0.181102 0.246063
LINE 0.232283 0.145669 0.224409 0.145669
LINE 0.223228 0.145669 0.223228 0.0574803
LINE 0.224409 0.0574803 0.232283 0.0574803
LINE 0.232283 0.0433071 0.232283 0.0574803
LINE 0.232283 0.185039 0.232283 0.145669
LINE 0.232283 0.0433071 0.10315 0.0433071
LINE 0.015748 0.11811 -0.181102 0.11811
LINE -0.181102 0.259843 0.149606 0.259843
ARC 0.015748 0.11811 0.103005 0.0441524 0.0183071 0.0326772
ARC 0.149606 0.259843 0.232284 0.185039 0.153543 0.181102
LINE -0.181102 0.246063 -0.181102 0.259843
ARC 0.0314961 0.133858 0.118753 0.0599004 0.0340551 0.0484252
LINE 0.224409 0.0511811 0.11811 0.0511811
LINE -0.173228 0.251969 -0.11811 0.251969
LINE -0.173228 0.153543 -0.173228 0.125984
PIN "1" PAD8 -0.275591 0.101575 TOP 180 0
PIN "1" PAD9 0.275591 0.101575 TOP 180 0
PIN "2" PAD9 -0.224409 0.201575 TOP 180 0
PIN "none" PAD4 -0.15 0.1 TOP 180 0
PIN "none" PAD4 -0.1 0.2 TOP 180 0
PIN "none" PAD4 0.15 0.1 TOP 180 0
PIN "none" PAD4 0.1 0.2 TOP 180 0
PIN "none" PAD5 0 0 TOP 90 0
PIN "none" PAD3 0.2 0 TOP 0 0
PIN "none" PAD3 -0.2 0 TOP 0 0
PIN "2" PAD8 0.224409 0.201575 TOP 180 0

SHAPE "kbd:CherryMX_Hotswap_6"
INSERT TH
LINE -0.173228 0.153543 -0.173228 0.125984
LINE -0.173228 0.251969 -0.11811 0.251969
LINE 0.224409 0.0511811 0.11811 0.0511811
ARC 0.0314961 0.133858 0.118753 0.0599004 0.0340551 0.0484252
LINE -0.181102 0.246063 -0.181102 0.259843
ARC 0.149606 0.259843 0.232284 0.185039 0.153543 0.181102
ARC 0.015748 0.11811 0.103005 0.0441524 0.0183071 0.0326772
LINE -0.181102 0.259843 0.149606 0.259843
LINE 0.015748 0.11811 -0.181102 0.11811
LINE 0.232283 0.0433071 0.10315 0.0433071
LINE 0.232283 0.185039 0.232283 0.145669
LINE 0.232283 0.0433071 0.232283 0.0574803
LINE 0.224409 0.0574803 0.232283 0.0574803
LINE 0.223228 0.145669 0.223228 0.0574803
LINE 0.232283 0.145669 0.224409 0.145669
LINE -0.173228 0.246063 -0.181102 0.246063
LINE -0.172441 0.15748 -0.172441 0.246063
LINE -0.181102 0.15748 -0.173228 0.15748
LINE -0.181102 0.11811 -0.181102 0.15748
LINE -0.102362 0.188976 0.161417 0.188976
LINE -0.153543 0.23622 -0.153543 0.137795
LINE -0.169291 0.129921 -0.114173 0.129921
LINE 0.164173 0.200787 0.164173 0.112598
LINE 0.208661 0.0629921 0.208661 0.133858
LINE 0.228346 0.149606 0.228346 0.185039
LINE -0.228346 0.149606 -0.228346 0.185039
LINE -0.208661 0.0629921 -0.208661 0.133858
LINE -0.164173 0.200787 -0.164173 0.112598
LINE 0.169291 0.129921 0.114173 0.129921
LINE 0.153543 0.23622 0.153543 0.137795
LINE 0.102362 0.188976 -0.161417 0.188976
LINE 0.181102 0.11811 0.181102 0.15748
LINE 0.181102 0.15748 0.173228 0.15748
LINE 0.172441 0.15748 0.172441 0.246063
LINE 0.173228 0.246063 0.181102 0.246063
LINE -0.232283 0.145669 -0.224409 0.145669
LINE -0.223228 0.145669 -0.223228 0.0574803
LINE -0.224409 0.0574803 -0.232283 0.0574803
LINE -0.232283 0.0433071 -0.232283 0.0574803
LINE -0.232283 0.185039 -0.232283 0.145669
LINE -0.232283 0.0433071 -0.10315 0.0433071
LINE -0.015748 0.11811 0.181102 0.11811
LINE 0.181102 0.259843 -0.149606 0.259843
ARC -0.015748 0.11811 -0.103005 0.0441524 -0.0183071 0.0326772
ARC -0.149606 0.259843 -0.232283 0.185039 -0.153543 0.181102
LINE 0.181102 0.246063 0.181102 0.259843
ARC -0.0314961 0.133858 -0.118753 0.0599004 -0.0340551 0.0484252
LINE -0.224409 0.0511811 -0.11811 0.0511811
LINE 0.173228 0.251969 0.11811 0.251969
LINE 0.173228 0.153543 0.173228 0.125984
PIN "2" PAD8 0.224409 0.201575 TOP 180 0
PIN "none" PAD3 -0.2 0 TOP 0 0
PIN "none" PAD3 0.2 0 TOP 0 0
PIN "none" PAD5 0 0 TOP 90 0
PIN "none" PAD4 0.1 0.2 TOP 180 0
PIN "none" PAD4 0.15 0.1 TOP 180 0
PIN "none" PAD4 -0.1 0.2 TOP 180 0
PIN "none" PAD4 -0.15 0.1 TOP 180 0
PIN "2" PAD9 -0.224409 0.201575 TOP 180 0
PIN "1" PAD9 0.275591 0.101575 TOP 180 0
PIN "1" PAD8 -0.275591 0.101575 TOP 180 0

SHAPE "kbd:CherryMX_Hotswap_7"
INSERT TH
LINE 0.173228 0.153543 0.173228 0.125984
LINE 0.173228 0.251969 0.11811 0.251969
LINE -0.224409 0.0511811 -0.11811 0.0511811
ARC -0.0314961 0.133858 -0.118753 0.0599004 -0.0340551 0.0484252
LINE 0.181102 0.246063 0.181102 0.259843
ARC -0.149606 0.259843 -0.232283 0.185039 -0.153543 0.181102
ARC -0.015748 0.11811 -0.103005 0.0441524 -0.0183071 0.0326772
LINE 0.181102 0.259843 -0.149606 0.259843
LINE -0.015748 0.11811 0.181102 0.11811
LINE -0.232283 0.0433071 -0.10315 0.0433071
LINE -0.232283 0.185039 -0.232283 0.145669
LINE -0.232283 0.0433071 -0.232283 0.0574803
LINE -0.224409 0.0574803 -0.232283 0.0574803
LINE -0.223228 0.145669 -0.223228 0.0574803
LINE -0.232283 0.145669 -0.224409 0.145669
LINE 0.173228 0.246063 0.181102 0.246063
LINE 0.172441 0.15748 0.172441 0.246063
LINE 0.181102 0.15748 0.173228 0.15748
LINE 0.181102 0.11811 0.181102 0.15748
LINE 0.102362 0.188976 -0.161417 0.188976
LINE 0.153543 0.23622 0.153543 0.137795
LINE 0.169291 0.129921 0.114173 0.129921
LINE -0.164173 0.200787 -0.164173 0.112598
LINE -0.208661 0.0629921 -0.208661 0.133858
LINE -0.228346 0.149606 -0.228346 0.185039
LINE 0.228346 0.149606 0.228346 0.185039
LINE 0.208661 0.0629921 0.208661 0.133858
LINE 0.164173 0.200787 0.164173 0.112598
LINE -0.169291 0.129921 -0.114173 0.129921
LINE -0.153543 0.23622 -0.153543 0.137795
LINE -0.102362 0.188976 0.161417 0.188976
LINE -0.181102 0.11811 -0.181102 0.15748
LINE -0.181102 0.15748 -0.173228 0.15748
LINE -0.172441 0.15748 -0.172441 0.246063
LINE -0.173228 0.246063 -0.181102 0.246063
LINE 0.232283 0.145669 0.224409 0.145669
LINE 0.223228 0.145669 0.223228 0.0574803
LINE 0.224409 0.0574803 0.232283 0.0574803
LINE 0.232283 0.0433071 0.232283 0.0574803
LINE 0.232283 0.185039 0.232283 0.145669
LINE 0.232283 0.0433071 0.10315 0.0433071
LINE 0.015748 0.11811 -0.181102 0.11811
LINE -0.181102 0.259843 0.149606 0.259843
ARC 0.015748 0.11811 0.103005 0.0441524 0.0183071 0.0326772
ARC 0.149606 0.259843 0.232284 0.185039 0.153543 0.181102
LINE -0.181102 0.246063 -0.181102 0.259843
ARC 0.0314961 0.133858 0.118753 0.0599004 0.0340551 0.0484252
LINE 0.224409 0.0511811 0.11811 0.0511811
LINE -0.173228 0.251969 -0.11811 0.251969
LINE -0.173228 0.153543 -0.173228 0.125984
PIN "1" PAD8 -0.275591 0.101575 TOP 180 0
PIN "1" PAD9 0.275591 0.101575 TOP 180 0
PIN "2" PAD9 -0.224409 0.201575 TOP 180 0
PIN "none" PAD4 -0.15 0.1 TOP 180 0
PIN "none" PAD4 -0.1 0.2 TOP 180 0
PIN "none" PAD4 0.15 0.1 TOP 180 0
PIN "none" PAD4 0.1 0.2 TOP 180 0
PIN "none" PAD5 0 0 TOP 90 0
PIN "none" PAD3 0.2 0 TOP 0 0
PIN "none" PAD3 -0.2 0 TOP 0 0
PIN "2" PAD8 0.224409 0.201575 TOP 180 0

SHAPE "kbd:CherryMX_Hotswap_8"
INSERT TH
LINE -0.173228 0.153543 -0.173228 0.125984
LINE -0.173228 0.251969 -0.11811 0.251969
LINE 0.224409 0.0511811 0.11811 0.0511811
ARC 0.0314961 0.133858 0.118753 0.0599004 0.0340551 0.0484252
LINE -0.181102 0.246063 -0.181102 0.259843
ARC 0.149606 0.259843 0.232284 0.185039 0.153543 0.181102
ARC 0.015748 0.11811 0.103005 0.0441524 0.0183071 0.0326772
LINE -0.181102 0.259843 0.149606 0.259843
LINE 0.015748 0.11811 -0.181102 0.11811
LINE 0.232283 0.0433071 0.10315 0.0433071
LINE 0.232283 0.185039 0.232283 0.145669
LINE 0.232283 0.0433071 0.232283 0.0574803
LINE 0.224409 0.0574803 0.232283 0.0574803
LINE 0.223228 0.145669 0.223228 0.0574803
LINE 0.232283 0.145669 0.224409 0.145669
LINE -0.173228 0.246063 -0.181102 0.246063
LINE -0.172441 0.15748 -0.172441 0.246063
LINE -0.181102 0.15748 -0.173228 0.15748
LINE -0.181102 0.11811 -0.181102 0.15748
LINE -0.102362 0.188976 0.161417 0.188976
LINE -0.153543 0.23622 -0.153543 0.137795
LINE -0.169291 0.129921 -0.114173 0.129921
LINE 0.164173 0.200787 0.164173 0.112598
LINE 0.208661 0.0629921 0.208661 0.133858
LINE 0.228346 0.149606 0.228346 0.185039
LINE -0.228346 0.149606 -0.228346 0.185039
LINE -0.208661 0.0629921 -0.208661 0.133858
LINE -0.164173 0.200787 -0.164173 0.112598
LINE 0.169291 0.129921 0.114173 0.129921
LINE 0.153543 0.23622 0.153543 0.137795
LINE 0.102362 0.188976 -0.161417 0.188976
LINE 0.181102 0.11811 0.181102 0.15748
LINE 0.181102 0.15748 0.173228 0.15748
LINE 0.172441 0.15748 0.172441 0.246063
LINE 0.173228 0.246063 0.181102 0.246063
LINE -0.232283 0.145669 -0.224409 0.145669
LINE -0.223228 0.145669 -0.223228 0.0574803
LINE -0.224409 0.0574803 -0.232283 0.0574803
LINE -0.232283 0.0433071 -0.232283 0.0574803
LINE -0.232283 0.185039 -0.232283 0.145669
LINE -0.232283 0.0433071 -0.10315 0.0433071
LINE -0.015748 0.11811 0.181102 0.11811
LINE 0.181102 0.259843 -0.149606 0.259843
ARC -0.015748 0.11811 -0.103005 0.0441524 -0.0183071 0.0326772
ARC -0.149606 0.259843 -0.232283 0.185039 -0.153543 0.181102
LINE 0.181102 0.246063 0.181102 0.259843
ARC -0.0314961 0.133858 -0.118753 0.0599004 -0.0340551 0.0484252
LINE -0.224409 0.0511811 -0.11811 0.0511811
LINE 0.173228 0.251969 0.11811 0.251969
LINE 0.173228 0.153543 0.173228 0.125984
PIN "2" PAD8 0.224409 0.201575 TOP 180 0
PIN "none" PAD3 -0.2 0 TOP 0 0
PIN "none" PAD3 0.2 0 TOP 0 0
PIN "none" PAD5 0 0 TOP 90 0
PIN "none" PAD4 0.1 0.2 TOP 180 0
PIN "none" PAD4 0.15 0.1 TOP 180 0
PIN "none" PAD4 -0.1 0.2 TOP 180 0
PIN "none" PAD4 -0.15 0.1 TOP 180 0
PIN "2" PAD9 -0.224409 0.201575 TOP 180 0
PIN "1" PAD9 0.275591 0.101575 TOP 180 0
PIN "1" PAD8 -0.275591 0.101575 TOP 180 0

SHAPE "kbd:ResetSW"
INSERT TH
LINE 0.11811 -0.0590551 0.11811 -0.0688976
LINE 0.11811 -0.0688976 -0.11811 -0.0688976
LINE -0.11811 -0.0688976 -0.11811 -0.0590551
LINE -0.11811 0.0590551 -0.11811 0.0688976
LINE -0.11811 0.0688976 0.11811 0.0688976
LINE 0.11811 0.0688976 0.11811 0.0590551
LINE -0.11811 -0.0688976 0.11811 -0.0688976
LINE 0.11811 -0.0688976 0.11811 -0.0590551
LINE -0.11811 -0.0688976 -0.11811 -0.0590551
LINE -0.11811 0.0688976 -0.11811 0.0590551
LINE -0.11811 0.0688976 0.11811 0.0688976
LINE 0.11811 0.0688976 0.11811 0.0590551
PIN "1" PAD2 0.127953 0 TOP 0 0
PIN "2" PAD2 -0.127953 0 TOP 0 0

SHAPE "kbd:CherryMX_Hotswap_9"
INSERT TH
LINE 0.173228 0.153543 0.173228 0.125984
LINE 0.173228 0.251969 0.11811 0.251969
LINE -0.224409 0.0511811 -0.11811 0.0511811
ARC -0.0314961 0.133858 -0.118753 0.0599004 -0.0340551 0.0484252
LINE 0.181102 0.246063 0.181102 0.259843
ARC -0.149606 0.259843 -0.232283 0.185039 -0.153543 0.181102
ARC -0.015748 0.11811 -0.103005 0.0441524 -0.0183071 0.0326772
LINE 0.181102 0.259843 -0.149606 0.259843
LINE -0.015748 0.11811 0.181102 0.11811
LINE -0.232283 0.0433071 -0.10315 0.0433071
LINE -0.232283 0.185039 -0.232283 0.145669
LINE -0.232283 0.0433071 -0.232283 0.0574803
LINE -0.224409 0.0574803 -0.232283 0.0574803
LINE -0.223228 0.145669 -0.223228 0.0574803
LINE -0.232283 0.145669 -0.224409 0.145669
LINE 0.173228 0.246063 0.181102 0.246063
LINE 0.172441 0.15748 0.172441 0.246063
LINE 0.181102 0.15748 0.173228 0.15748
LINE 0.181102 0.11811 0.181102 0.15748
LINE 0.102362 0.188976 -0.161417 0.188976
LINE 0.153543 0.23622 0.153543 0.137795
LINE 0.169291 0.129921 0.114173 0.129921
LINE -0.164173 0.200787 -0.164173 0.112598
LINE -0.208661 0.0629921 -0.208661 0.133858
LINE -0.228346 0.149606 -0.228346 0.185039
LINE 0.228346 0.149606 0.228346 0.185039
LINE 0.208661 0.0629921 0.208661 0.133858
LINE 0.164173 0.200787 0.164173 0.112598
LINE -0.169291 0.129921 -0.114173 0.129921
LINE -0.153543 0.23622 -0.153543 0.137795
LINE -0.102362 0.188976 0.161417 0.188976
LINE -0.181102 0.11811 -0.181102 0.15748
LINE -0.181102 0.15748 -0.173228 0.15748
LINE -0.172441 0.15748 -0.172441 0.246063
LINE -0.173228 0.246063 -0.181102 0.246063
LINE 0.232283 0.145669 0.224409 0.145669
LINE 0.223228 0.145669 0.223228 0.0574803
LINE 0.224409 0.0574803 0.232283 0.0574803
LINE 0.232283 0.0433071 0.232283 0.0574803
LINE 0.232283 0.185039 0.232283 0.145669
LINE 0.232283 0.0433071 0.10315 0.0433071
LINE 0.015748 0.11811 -0.181102 0.11811
LINE -0.181102 0.259843 0.149606 0.259843
ARC 0.015748 0.11811 0.103005 0.0441524 0.0183071 0.0326772
ARC 0.149606 0.259843 0.232284 0.185039 0.153543 0.181102
LINE -0.181102 0.246063 -0.181102 0.259843
ARC 0.0314961 0.133858 0.118753 0.0599004 0.0340551 0.0484252
LINE 0.224409 0.0511811 0.11811 0.0511811
LINE -0.173228 0.251969 -0.11811 0.251969
LINE -0.173228 0.153543 -0.173228 0.125984
PIN "1" PAD8 -0.275591 0.101575 TOP 180 0
PIN "1" PAD9 0.275591 0.101575 TOP 180 0
PIN "2" PAD9 -0.224409 0.201575 TOP 180 0
PIN "none" PAD4 -0.15 0.1 TOP 180 0
PIN "none" PAD4 -0.1 0.2 TOP 180 0
PIN "none" PAD4 0.15 0.1 TOP 180 0
PIN "none" PAD4 0.1 0.2 TOP 180 0
PIN "none" PAD5 0 0 TOP 90 0
PIN "none" PAD3 0.2 0 TOP 0 0
PIN "none" PAD3 -0.2 0 TOP 0 0
PIN "2" PAD8 0.224409 0.201575 TOP 180 0

SHAPE "kbd:CherryMX_Hotswap_10"
INSERT TH
LINE 0.173228 0.153543 0.173228 0.125984
LINE 0.173228 0.251969 0.11811 0.251969
LINE -0.224409 0.0511811 -0.11811 0.0511811
ARC -0.0314961 0.133858 -0.118753 0.0599004 -0.0340551 0.0484252
LINE 0.181102 0.246063 0.181102 0.259843
ARC -0.149606 0.259843 -0.232283 0.185039 -0.153543 0.181102
ARC -0.015748 0.11811 -0.103005 0.0441524 -0.0183071 0.0326772
LINE 0.181102 0.259843 -0.149606 0.259843
LINE -0.015748 0.11811 0.181102 0.11811
LINE -0.232283 0.0433071 -0.10315 0.0433071
LINE -0.232283 0.185039 -0.232283 0.145669
LINE -0.232283 0.0433071 -0.232283 0.0574803
LINE -0.224409 0.0574803 -0.232283 0.0574803
LINE -0.223228 0.145669 -0.223228 0.0574803
LINE -0.232283 0.145669 -0.224409 0.145669
LINE 0.173228 0.246063 0.181102 0.246063
LINE 0.172441 0.15748 0.172441 0.246063
LINE 0.181102 0.15748 0.173228 0.15748
LINE 0.181102 0.11811 0.181102 0.15748
LINE 0.102362 0.188976 -0.161417 0.188976
LINE 0.153543 0.23622 0.153543 0.137795
LINE 0.169291 0.129921 0.114173 0.129921
LINE -0.164173 0.200787 -0.164173 0.112598
LINE -0.208661 0.0629921 -0.208661 0.133858
LINE -0.228346 0.149606 -0.228346 0.185039
LINE 0.228346 0.149606 0.228346 0.185039
LINE 0.208661 0.0629921 0.208661 0.133858
LINE 0.164173 0.200787 0.164173 0.112598
LINE -0.169291 0.129921 -0.114173 0.129921
LINE -0.153543 0.23622 -0.153543 0.137795
LINE -0.102362 0.188976 0.161417 0.188976
LINE -0.181102 0.11811 -0.181102 0.15748
LINE -0.181102 0.15748 -0.173228 0.15748
LINE -0.172441 0.15748 -0.172441 0.246063
LINE -0.173228 0.246063 -0.181102 0.246063
LINE 0.232283 0.145669 0.224409 0.145669
LINE 0.223228 0.145669 0.223228 0.0574803
LINE 0.224409 0.0574803 0.232283 0.0574803
LINE 0.232283 0.0433071 0.232283 0.0574803
LINE 0.232283 0.185039 0.232283 0.145669
LINE 0.232283 0.0433071 0.10315 0.0433071
LINE 0.015748 0.11811 -0.181102 0.11811
LINE -0.181102 0.259843 0.149606 0.259843
ARC 0.015748 0.11811 0.103005 0.0441524 0.0183071 0.0326772
ARC 0.149606 0.259843 0.232284 0.185039 0.153543 0.181102
LINE -0.181102 0.246063 -0.181102 0.259843
ARC 0.0314961 0.133858 0.118753 0.0599004 0.0340551 0.0484252
LINE 0.224409 0.0511811 0.11811 0.0511811
LINE -0.173228 0.251969 -0.11811 0.251969
LINE -0.173228 0.153543 -0.173228 0.125984
PIN "1" PAD8 -0.275591 0.101575 TOP 180 0
PIN "1" PAD9 0.275591 0.101575 TOP 180 0
PIN "2" PAD9 -0.224409 0.201575 TOP 180 0
PIN "none" PAD4 -0.15 0.1 TOP 180 0
PIN "none" PAD4 -0.1 0.2 TOP 180 0
PIN "none" PAD4 0.15 0.1 TOP 180 0
PIN "none" PAD4 0.1 0.2 TOP 180 0
PIN "none" PAD5 0 0 TOP 90 0
PIN "none" PAD3 0.2 0 TOP 0 0
PIN "none" PAD3 -0.2 0 TOP 0 0
PIN "2" PAD8 0.224409 0.201575 TOP 180 0

SHAPE "kbd:CherryMX_Hotswap_11"
INSERT TH
LINE 0.173228 0.153543 0.173228 0.125984
LINE 0.173228 0.251969 0.11811 0.251969
LINE -0.224409 0.0511811 -0.11811 0.0511811
ARC -0.0314961 0.133858 -0.118753 0.0599004 -0.0340551 0.0484252
LINE 0.181102 0.246063 0.181102 0.259843
ARC -0.149606 0.259843 -0.232283 0.185039 -0.153543 0.181102
ARC -0.015748 0.11811 -0.103005 0.0441524 -0.0183071 0.0326772
LINE 0.181102 0.259843 -0.149606 0.259843
LINE -0.015748 0.11811 0.181102 0.11811
LINE -0.232283 0.0433071 -0.10315 0.0433071
LINE -0.232283 0.185039 -0.232283 0.145669
LINE -0.232283 0.0433071 -0.232283 0.0574803
LINE -0.224409 0.0574803 -0.232283 0.0574803
LINE -0.223228 0.145669 -0.223228 0.0574803
LINE -0.232283 0.145669 -0.224409 0.145669
LINE 0.173228 0.246063 0.181102 0.246063
LINE 0.172441 0.15748 0.172441 0.246063
LINE 0.181102 0.15748 0.173228 0.15748
LINE 0.181102 0.11811 0.181102 0.15748
LINE 0.102362 0.188976 -0.161417 0.188976
LINE 0.153543 0.23622 0.153543 0.137795
LINE 0.169291 0.129921 0.114173 0.129921
LINE -0.164173 0.200787 -0.164173 0.112598
LINE -0.208661 0.0629921 -0.208661 0.133858
LINE -0.228346 0.149606 -0.228346 0.185039
LINE 0.228346 0.149606 0.228346 0.185039
LINE 0.208661 0.0629921 0.208661 0.133858
LINE 0.164173 0.200787 0.164173 0.112598
LINE -0.169291 0.129921 -0.114173 0.129921
LINE -0.153543 0.23622 -0.153543 0.137795
LINE -0.102362 0.188976 0.161417 0.188976
LINE -0.181102 0.11811 -0.181102 0.15748
